625
528 503
548 523
389 414
446 421
552 553
154 155
173 174
373 348
567 542
44 43
370 345
546 547
204 229
404 429
240 215
364 389
612 611
513 512
377 376
468 443
410 435
243 218
347 322
580 581
188 163
61 36
545 546
93 68
84 83
94 69
7 8
619 618
314 339
155 156
150 175
605 580
118 93
385 360
459 458
167 168
107 108
44 69
335 334
251 276
196 197
501 502
212 187
251 250
269 270
332 331
125 150
391 416
366 367
65 40
515 540
248 273
34 9
480 479
198 173
463 488
111 86
524 499
28 27
323 324
198 199
146 147
133 158
416 415
103 102
457 482
57 82
88 113
535 560
181 180
605 606
481 456
127 102
470 445
229 254
169 170
386 385
383 384
153 152
541 542
36 37
474 473
126 125
534 509
154 129
591 592
161 186
209 234
88 87
61 60
161 136
472 447
239 240
102 101
342 343
566 565
567 568
41 42
154 153
471 496
358 383
423 448
241 242
292 293
363 364
361 362
258 283
75 100
61 86
81 106
52 27
230 255
309 334
378 379
136 111
439 464
532 533
166 191
523 522
210 211
115 140
347 346
218 217
561 560
526 501
174 149
258 259
77 52
36 11
307 306
577 552
62 61
450 425
569 570
268 293
79 78
233 208
571 570
534 535
527 552
224 199
409 408
521 520
621 622
493 518
107 106
511 510
298 299
37 62
224 249
405 380
236 237
120 121
393 418
206 231
287 288
593 568
34 59
483 484
226 227
73 74
276 277
588 587
288 313
410 385
506 505
597 598
337 312
55 56
300 325
135 134
4 29
501 500
438 437
311 312
598 599
320 345
211 236
587 562
74 99
473 498
278 279
394 369
123 148
233 232
252 277
177 202
160 185
331 356
192 191
119 118
576 601
